10001 400 -1
10011 401 -1
10001 10002 10003 10004 500 -1
10011 10012 10013 10014 501 -1
10005 509 -1
10015 508 -1
10006 510 -1
10010 511 -1
10011 10016 10017 10018 512 -150
10001 513 -10
10019 10020 10021 513 -150
10006 10026 10027 10028 514 -150
10010 10022 10023 10024 515 -150
10029 10030 10031 10032 10029 10030 10031 10032 516 -1
10033 10034 10035 10036 10033 10034 10035 10036 517 -1
10037 518 -1
10038 519 -1
10037 10004 520 -1
10038 10014 521 -1
10039 522 -1
10040 523 -1
10039 10004 524 -1
10040 10014 525 -1
10037 10041 10042 10043 526 -150
10038 10044 10045 10046 527 -150
10039 10047 10048 10049 528 -150
10040 10050 10051 10052 529 -150
10053 530 -1
10054 531 -1
10055 532 -1
10056 533 -1
10057 534 -1
20001 20002 20003 20004 600 -150
20011 20012 20013 20014 601 -150
20021 20022 20023 20024 602 -150
20031 20032 20033 20034 603 -150
20041 604 -10
20042 20043 20044 604 -1
20051 20052 20053 20054 605 -150
30001 30002 301 -1
30003 30004 302 -1
30005 30006 303 -1
30006 30005 304 -1
30006 305 -1
30007 306 -1
30008 307 -1
30009 308 -1
40001 801 -1
40002 802 -1
40003 803 -1
40004 804 -1
40005 805 -1
40006 806 -1
40007 40008 40009 40010 807 -1
40011 808 -1
40012 809 -1
40013 40014 810 -1
40015 811 -1
40017 813 -1
40015 40017 40016 812 -1
40018 814 -1
40019 815 -1
40020 816 -1
40021 817 -1
40022 818 -1
50001 50002 50003 701 -1
50004 702 -1
50005 703 -1
60000 60001 901 -1
60002 60003 902 -1
60004 903 -1
60008 904 -1
60005 60006 60007 905 -1
60009 60010 60011 906 -1
60007 907 -1
60011 908 -1
60012 60013 60014 909 -1
60015 60016 60017 910 -1
60018 911 -1
60021 912 -1
60018 60019 913 -1
60021 60022 914 -1
60020 915 -1
60023 916 -1
60024 917 -1 
60025 918 -1
60026 919 -1
60027 60028 920 -1
90004 1000 -1
90005 90006 90007 90008 90009 90010 90011 90012 90013 90014 90015 90016 1001 -1
90017 90018 90019 1002 -1
90020 1003 -1
90021 1004 -1
90022 90023 1005 -1