20001 474 0 635 68 30
20002 0 0 158 68 30
20003 158 0 317 68 30
20004 317 0 474 68 30
20011 474 68 635 136 30
20012 0 68 158 136 30
20013 158 68 317 136 30
20014 317 68 474 136 30
20021 474 136 635 204 30
20022 0 136 158 204 30
20023 158 136 317 204 30
20024 317 136 474 204 30
20031 0 204 158 272 30
20032 474 204 635 272 30
20033 317 204 474 272 30
20034 158 204 317 272 30
20041 0 272 158 340 30
20042 474 272 635 340 30
20043 317 272 474 340 30
20044 158 272 317 340 30
20051 0 340 158 406 30
20052 474 340 635 406 30
20053 320 340 474 406 30
20054 158 340 317 406 30
10001 420 198 480 264 0
10002 360 198 420 264 0
10003 300 198 360 264 0
10004 240 198 300 264 0
10005 180 198 240 264 0
10006 180 198 240 264 0
10011 0 0 60 66 0
10012 60 0 120 66 0
10013 120 0 180 66 0
10014 180 0 240 66 0
10015 240 0 300 66 0
10010 240 0 300 55 0
10016 300 0 360 66 0
10017 360 0 420 66 0
10018 420 0 480 66 0
10019 120 198 180 264 0
10020 60 198 120 264 0
10021 0 198 60 264 0
10022 420 66 480 132 0
10023 0 132 60 198 0
10024 60 132 120 198 0
10026 0 264 66 330 0
10027 420 330 480 396 0
10028 360 330 420 396 0
10029 240 462 300 528 0
10030 180 462 240 528 0
10031 120 462 180 528 0
10032 60 462 120 528 0
10033 0 396 60 462 0
10034 60 396 120 462 0
10035 120 396 180 462 0
10036 180 396 240 462 0
10037 180 264 240 330 0
10038 240 66 300 132 0
10039 300 264 360 330 0
10040 120 66 180 132 0
10041 120 330 180 396 0
10042 60 330 120 396 0
10043 0 330 60 396 0
10044 300 132 360 198 0
10045 360 132 420 198 0
10046 420 132 480 198 0
10047 300 330 360 396 0
10048 240 330 300 396 0
10049 180 330 240 396 0
10050 120 132 180 198 0
10051 180 132 240 198 0
10052 240 132 300 198 0
10053 420 264 480 330 0
10054 0 66 60 132 0
10055 240 396 300 462 0
10056 0 462 60 528 0
10057 60 66 120 132 0
30001 300 0 332 64 50
30002 332 0 364 64 50
30003 400 0 416 32 50
30004 416 0 432 32 50
30005 200 0 249 96 50
30006 249 0 300 96 50
30007 0 0 96 96 50
30008 200 100 232 132 50
30009 300 100 332 132 50
40001 200 40 232 80 60
40002 0 0 24 20 60
40003 32 64 64 82 62
40004 64 64 96 82 62
40005 160 40 176 56 60
40006 0 0 30 28 62
40007 30 0 60 28 62
40008 60 0 90 28 62
40009 90 0 120 28 62
40010 120 0 150 28 62
40011 0 64 32 96 62
40012 0 96 32 122 62
40013 32 96 64 122 62
40014 64 96 96 122 62
40015 120 0 150 30 60
40016 160 0 190 30 60
40017 200 0 230 30 60
40018 40 0 80 40 60
40019 80 0 108 28 60
40020 120 40 150 72 60
40021 40 40 72 72 60
40022 240 0 272 26 60
50001 0 0 42 44 70
50002 43 0 84 44 70
50003 84 0 128 44 70
50004 132 0 176 44 70
50005 220 0 256 23 70
60000 256 0 290 64 80
60001 290 0 324 64 80
60002 324 0 358 64 80
60003 358 0 392 64 80
60004 0 64 64 96 80
60005 64 64 128 96 80
60006 128 64 192 96 80
60007 192 64 256 96 80
60008 448 64 512 96 80
60009 384 64 448 96 80
60010 320 64 384 96 80
60011 256 64 320 96 80
60012 32 128 64 160 80
60013 64 128 96 160 80
60014 96 128 128 160 80
60015 192 128 224 160 80
60016 160 128 192 160 80
60017 128 128 160 160 80
60018 64 0 96 64 80
60019 32 0 64 64 80
60020 0 0 32 64 80
60021 96 0 128 64 80
60022 128 0 160 64 80
60023 160 0 192 64 80
60024 192 0 206 12 80
60025 206 0 218 12 80
60026 0 192 100 238 80
60027 100 192 200 238 80
60028 200 192 300 238 80
90000 0 0 500 80 90
90001 500 0 511 18 90
90002 511 0 522 18 90
90003 522 0 533 18 90
90004 0 0 640 480 91
90005 0 0 158 123 92
90006 158 0 316 123 92
90007 316 0 474 123 92
90008 474 0 630 123 92
90009 630 0 788 123 92
90010 0 123 158 246 92
90011 158 123 316 246 92
90012 316 123 474 246 92
90013 474 123 630 246 92
90014 630 123 788 246 92
90015 0 246 158 369 92
90016 158 246 316 369 92
90017 316 246 474 369 92
90018 474 246 630 369 92
90019 630 246 788 369 92
90020 0 0 512 448 93
90021 512 0 576 28 93
90022 512 28 528 44 93
90023 528 28 544 44 93